26886
5082
31416
63574
60918
49083
50195
54038
19250
54081
32079
65459
33016
17580
41072
21336
52233
34249
34924
35043
10341
292
2803
2023
57279
45353
9740
5635
9078
7203
22264
54844
1895
64908
65325
5994
28074
61445
65296
46161
21636
47166
4045
36760
29301
34709
20051
22620
8168
58309
45691
49811
26764
55208
29944
20074
19043
51018
52875
9808
25131
2534
64932
14552
685
50421
57944
16063
28791
39702
63678
45099
60221
3479
14398
38832
47702
41409
35862
748
3869
17611
36819
37237
48755
44618
33131
47253
23911
12376
59872
40318
61988
20694
6311
33216
33820
28051
144
63829
31018
56829
6808
8986
47431
64653
44791
6780
58269
37889
58828
52186
23913
51555
36639
18570
25877
17954
33600
3728
18109
10701
29736
10725
40127
64623
60891
56202
26392
26436
46997
45309
45893
43371
47058
23995
45021
5948
35433
7438
42513
52483
43086
53992
35113
58829
5117
33717
7333
46905
6586
15683
10644
46904
52644
54311
35330
36676
59107
27244
60666
20597
17190
38247
43732
28752
45308
41848
23251
949
29569
18648
24813
35837
38426
47005
53258
23597
46291
35590
17170
31433
19580
28040
512
31764
7958
56886
54138
8747
26642
43712
13061
43698
40027
23250
47530
30948
58318
63111
8753
62233
12023
24054
63005
8544
14666
15071
10176
44985
49357
61418
10433
41612
48670
43988
61557
47248
2304
60203
37312
62770
51920
9831
14156
25653
3716
6882
65485
8673
30212
4296
63707
4868
29058
4239
23881
39800
1446
58609
50202
41670
39989
38493
47456
29600
6823
65009
236
39974
33600
61762
9277
11051
20946
55345
44389
53570
32509
7193
46860
35061
45510
21645
64189
40959
17277
51966
5106
31891
50621
8432
35223
16417
15231
6198
40738
41631
36143
18081
6283
35560
43750
5041
55804
20309
25757
38781
50233
43566
47699
47900
11804
15594
11347
11134
27407
58069
12810
28650
34652
47767
12513
7872
2710
14333
60228
61667
58752
30406
50551
18194
6625
10537
31778
54201
7659
21157
57713
63738
1613
51779
11481
33713
57524
34203
45695
45875
6340
2726
22135
42698
18930
54845
30101
42467
18
41823
58790
10493
7925
33537
57500
18751
64977
54098
47473
49394
21080
9692
42121
15472
57283
40319
14063
35008
3239
52459
35808
11320
15207
7546
28580
40175
17316
51042
5763
64577
15417
54388
8656
58174
5937
49655
21518
28899
31662
58324
45145
55483
2311
46566
12991
55126
26813
30877
44131
41463
36998
29589
27217
66
65189
15026
34955
35606
35406
5595
60668
45080
5707
42470
57193
36047
32057
17450
18559
35987
5366
24426
13089
55486
55801
42921
34189
312
11243
33143
59596
49489
46361
41872
30373
27199
35369
47193
65132
29280
2514
60392
62949
39189
18473
31945
43110
55157
25428
9277
13741
6801
15651
54959
42521
47056
53197
44669
50157
14678
27208
52357
13583
36685
9552
54114
65142
9287
49829
3811
35845
43811
45095
54434
61238
50202
35375
16182
2833
46600
52386
53610
40199
19460
39660
1755
14510
22572
47903
1055
46521
43702
52496
1062
29456
23609
47817
61140
53735
47995
40550
17481
7067
34766
60720
3949
49880
5303
10807
45903
10591
13301
17177
8232
17961
19292
41573
54258
56742
59988
14576
20918
35315
49539
45570
42641
35421
64105
2118
15827
59690
57366
56244
17031
47588
14598
60389
11891
43834
36049
10490
22489
36007
21737
36262
42530
6517
34374
35118
13332
15550
63783
44293
13101
59508
19937
64773
37089
50470
30529
34397
20374
1084
7555
45551
58391
42650
52495
54181
3353
59703
17602
11199
2424
54344
64409
11799
8357
21541
24613
14430
52749
54277
42790
55377
52181
6126
5136
13609
12679
49730
45696
63810
29297
35212
32654
25608
27247
52358
42139
60694
30937
11260
53080
45508
63527
55789
24533
45579
10896
22093
60952
37242
1069
20000
18690
20157
30521
17013
9504
24097
57655
5153
36899
6823
57425
62543
31067
29700
59852
25694
34072
62065
5803
24475
63714
58075
40972
32586
65391
1158
2905
9592
3785
56849
28039
50450
18940
26737
56286
55157
23964
48019
46667
7622
47259
60889
25132
15605
6539
4461
16411
53061
55055
8526
41141
52128
44919
56040
47561
24508
16735
579
39820
13287
47696
63954
30580
31542
18194
3209
64722
26073
49710
23219
54768
33846
3584
15155
52475
43768
44693
53581
15537
38620
24053
37401
50068
26614
27222
27183
15980
18736
688
44736
50173
20901
26601
9779
57749
15095
18676
51910
43538
44757
25264
20719
45720
22459
46871
22810
55559
37595
28243
18625
41930
14911
9080
46593
11716
53371
28950
29407
40919
1567
57731
35583
35479
58780
30715
12868
8564
20157
23760
30147
33506
59002
31116
64067
30668
64768
4608
50283
34941
1703
62852
45683
55187
63491
43812
59223
11174
54960
48664
9575
45656
61226
47091
45754
56920
36806
9196
24680
22947
57384
30536
13885
4610
18178
59187
56995
56186
26219
10743
15912
46729
5558
38278
48301
17226
52785
2470
29929
33931
57193
40692
54192
51359
18181
53869
12795
29871
44398
15349
23922
2179
57394
3795
19082
46384
26477
23272
28173
15366
55942
38371
41953
5345
62729
11816
28331
55543
33067
19933
63248
17250
58029
57566
17963
54734
1773
59722
3184
43530
34154
9778
50440
53533
59581
1816
47920
33721
65518
32371
47439
63499
53123
43565
38770
60363
39496
3699
49878
34627
30509
13702
239
19873
34379
47754
48902
18928
24983
12959
36080
61010
26008
57297
11502
61489
12825
8014
26979
3334
12586
59083
10737
42382
10459
29269
25787
16525
10768
40665
47517
6964
7729
14813
57988
27272
14195
27427
53999
21768
32971
43023
36829
7233
64214
10300
45878
46389
59422
17572
28166
23137
54200
55317
28946
32868
17273
58313
49066
25431
383
21118
56775
22861
60486
63481
65282
57606
27629
46263
33351
8086
52099
7153
32015
34551
56731
8375
57820
22882
18794
60155
8264
38110
37933
17046
47500
50630
19916
40904
11228
40335
18971
17172
1815
32470
13222
59022
37750
11558
17128
44932
14607
9565
10942
24221
44372
38794
7385
2667
3287
63619
26920
58650
15725
53489
41577
41799
43202
30493
16736
9073
57238
1762
63830
39408
28229
35399
18175
12939
32895
12599
19243
9203
22927
55124
58320
30478
18525
2033
38628
25252
12661
2785
25911
6187
46173
22590
20539
23863
62920
13031
658
59257
50983
54719
63222
42198
2545
53047
19226
49547
45684
61550
62792
30392
24632
14000
30490
27859
53782
47656
43843
54318
6362
42964
32623
28758
24044
19697
25363
33025
